epoch:0 0.2333  0.5142  0.1688  0.0331  0.1708  0.2986  0.2484  0.4219  0.4434  0.0947  0.3519  0.5077  9.9791  0.001
epoch:1 0.4189  0.6855  0.4631  0.0631  0.3363  0.5066  0.3766  0.5502  0.5598  0.1264  0.4745  0.6265  7.4251  0.000997
epoch:2 0.5033  0.7654  0.5671  0.1112  0.3838  0.593  0.4189  0.6067  0.6183  0.1848  0.5092  0.6966  6.7378  0.000989
epoch:3 0.484  0.7455  0.5429  0.1161  0.3887  0.5692  0.4113  0.6  0.6109  0.1994  0.5182  0.6846  5.9693  0.000976
epoch:4 0.52  0.7789  0.5825  0.1317  0.4004  0.6098  0.4318  0.6231  0.6343  0.2141  0.5249  0.7117  6.0074  0.000957
epoch:5 0.5253  0.7808  0.5846  0.1339  0.4056  0.6195  0.4352  0.6281  0.64  0.2265  0.5262  0.721  5.9895  0.000934
epoch:6 0.5257  0.7849  0.5985  0.1441  0.4189  0.6118  0.4345  0.6293  0.6415  0.2397  0.5422  0.715  5.8855  0.000905
epoch:7 0.5305  0.784  0.5979  0.1442  0.4137  0.6216  0.4381  0.6308  0.6425  0.2341  0.5358  0.7197  5.6907  0.000873
epoch:8 0.5208  0.7823  0.5934  0.1563  0.4169  0.6055  0.4332  0.626  0.6389  0.2634  0.5399  0.7074  5.5819  0.000836
epoch:9 0.5346  0.7884  0.6026  0.1563  0.4272  0.6201  0.4404  0.6392  0.652  0.2605  0.5512  0.7228  5.2807  0.000796
epoch:10 0.5164  0.7727  0.5792  0.1683  0.4139  0.602  0.429  0.627  0.64  0.2855  0.5501  0.7047  5.5012  0.000752
epoch:11 0.5132  0.7577  0.5755  0.162  0.4262  0.6085  0.4347  0.6399  0.654  0.3111  0.5592  0.7165  5.2668  0.000706
epoch:12 0.5564  0.7971  0.6255  0.1752  0.427  0.6491  0.4546  0.6582  0.6722  0.3023  0.5525  0.7465  5.4697  0.000658
epoch:13 0.53  0.772  0.5876  0.1758  0.4258  0.6172  0.4402  0.6438  0.6578  0.3102  0.5579  0.7239  5.209  0.000608
epoch:14 0.5436  0.7905  0.6161  0.1799  0.4266  0.6306  0.4467  0.646  0.6605  0.2971  0.5475  0.7324  5.193  0.000557
epoch:15 0.5573  0.7979  0.6237  0.1744  0.435  0.6523  0.4565  0.6576  0.6716  0.3001  0.5614  0.7456  5.0597  0.000505
epoch:16 0.5607  0.7987  0.6287  0.181  0.4367  0.653  0.4565  0.6606  0.6747  0.3185  0.5641  0.7456  5.2847  0.000453
epoch:17 0.5591  0.7914  0.6229  0.1739  0.4449  0.6553  0.4583  0.6632  0.6769  0.3135  0.5721  0.7494  5.029  0.000402
epoch:18 0.5643  0.7981  0.6277  0.1872  0.444  0.6596  0.4579  0.6644  0.6791  0.322  0.5754  0.7482  5.083  0.000352
epoch:19 0.5739  0.8035  0.6393  0.1862  0.447  0.6673  0.4672  0.6716  0.6858  0.3127  0.5721  0.7607  5.0675  0.000304
epoch:20 0.5716  0.8044  0.6358  0.1858  0.4437  0.6664  0.4665  0.6719  0.6866  0.3168  0.571  0.7599  5.1515  0.000258
epoch:21 0.5596  0.7906  0.6211  0.1868  0.4489  0.6514  0.4564  0.6629  0.6765  0.3239  0.5766  0.7452  5.0751  0.000214
epoch:22 0.5591  0.7917  0.6187  0.1843  0.445  0.6573  0.4593  0.6658  0.68  0.3273  0.572  0.7498  4.7742  0.000174
epoch:23 0.5663  0.7958  0.626  0.1858  0.4535  0.6619  0.4631  0.6721  0.6863  0.3279  0.585  0.7556  4.888  0.000137
epoch:24 0.5728  0.8004  0.6342  0.1828  0.4518  0.6705  0.4668  0.6751  0.6901  0.3307  0.5799  0.7621  4.9303  0.000105
epoch:25 0.579  0.8032  0.6422  0.1934  0.4546  0.675  0.4709  0.6783  0.692  0.3227  0.5816  0.7653  4.7467  7.6e-05
epoch:26 0.5814  0.8051  0.6428  0.1845  0.456  0.6762  0.4717  0.6797  0.6932  0.3194  0.58  0.7666  5.0472  5.3e-05
epoch:27 0.5761  0.8004  0.6398  0.1889  0.4538  0.6701  0.4678  0.6767  0.6906  0.3236  0.5821  0.7633  4.8509  3.4e-05
epoch:28 0.5783  0.8043  0.6398  0.193  0.456  0.6726  0.4703  0.6782  0.6922  0.3226  0.5832  0.7648  4.5994  2.1e-05
epoch:29 0.5757  0.8024  0.6395  0.1875  0.4492  0.6725  0.4685  0.6744  0.6881  0.311  0.5721  0.7643  4.4355  1.3e-05
