epoch:0 0.2024  0.4539  0.1467  0.0253  0.1425  0.2553  0.2267  0.404  0.4296  0.0942  0.3437  0.4895  9.8677  0.001
epoch:1 0.4634  0.7336  0.5109  0.0974  0.3563  0.5504  0.3946  0.5768  0.5893  0.1644  0.4889  0.6614  7.5806  0.000997
epoch:2 0.5144  0.7697  0.5769  0.1165  0.3919  0.6066  0.4259  0.6153  0.6261  0.183  0.5132  0.706  6.3323  0.000989
epoch:3 0.5043  0.7711  0.571  0.1359  0.4016  0.5877  0.4161  0.6071  0.6194  0.2265  0.526  0.6889  6.2106  0.000976
epoch:4 0.5217  0.7768  0.5843  0.1562  0.4049  0.615  0.4315  0.6276  0.64  0.2515  0.5354  0.7119  6.01  0.000957
epoch:5 0.523  0.7883  0.591  0.1491  0.4079  0.6175  0.4326  0.6264  0.6383  0.2325  0.5317  0.7188  5.7409  0.000934
epoch:6 0.5251  0.7841  0.593  0.1655  0.4087  0.6154  0.4348  0.6352  0.6484  0.2706  0.5505  0.7174  5.7484  0.000905
epoch:7 0.5161  0.7627  0.575  0.1607  0.4216  0.604  0.4303  0.6275  0.6395  0.263  0.5566  0.7048  5.6474  0.000873
epoch:8 0.5352  0.7899  0.6026  0.1628  0.4277  0.6219  0.4379  0.6396  0.6525  0.2782  0.5591  0.7208  5.8418  0.000836
epoch:9 0.5338  0.7859  0.6017  0.1715  0.4271  0.6243  0.4409  0.6425  0.6559  0.2852  0.5587  0.725  5.4584  0.000796
epoch:10 0.5303  0.7901  0.6013  0.1748  0.4259  0.6155  0.4356  0.6355  0.649  0.284  0.5549  0.7169  5.3551  0.000752
epoch:11 0.5469  0.7949  0.6165  0.1708  0.431  0.6418  0.4484  0.6498  0.6631  0.2804  0.5605  0.7359  5.3394  0.000706
epoch:12 0.5487  0.7946  0.6117  0.1608  0.4311  0.644  0.4482  0.6524  0.6655  0.2789  0.5575  0.7404  5.2157  0.000658
epoch:13 0.5529  0.7965  0.6205  0.1732  0.4414  0.6444  0.4519  0.6567  0.6686  0.2834  0.5621  0.7424  5.299  0.000608
epoch:14 0.5583  0.7982  0.6222  0.1724  0.4312  0.6556  0.4558  0.6596  0.6724  0.2754  0.5563  0.7517  4.9492  0.000557
epoch:15 0.5579  0.7999  0.6274  0.1642  0.4374  0.6506  0.4531  0.6554  0.6682  0.2701  0.5611  0.7438  5.2639  0.000505
epoch:16 0.5635  0.7979  0.623  0.1593  0.4366  0.6586  0.4571  0.6615  0.6747  0.2646  0.564  0.7517  4.9247  0.000453
epoch:17 0.5618  0.7946  0.6231  0.1639  0.4435  0.6604  0.4575  0.6666  0.6807  0.3  0.5709  0.7539  4.9589  0.000402
epoch:18 0.562  0.7986  0.6246  0.1748  0.4383  0.6616  0.4577  0.6655  0.6795  0.2969  0.5746  0.7533  4.8557  0.000352
epoch:19 0.5684  0.8028  0.6308  0.1728  0.4496  0.6642  0.462  0.6703  0.6837  0.2954  0.5782  0.7579  5.0814  0.000304
epoch:20 0.5075  0.742  0.5591  0.1481  0.4381  0.6171  0.439  0.6417  0.6576  0.3127  0.5734  0.7187  5.0579  0.000258
epoch:21 0.5578  0.7902  0.6144  0.1827  0.4503  0.6561  0.4585  0.6668  0.6817  0.3262  0.5801  0.7514  4.9004  0.000214
epoch:22 0.567  0.7966  0.6265  0.1848  0.4605  0.6648  0.4615  0.6726  0.6866  0.3186  0.5933  0.7552  4.8981  0.000174
epoch:23 0.5614  0.7931  0.6248  0.1917  0.4552  0.6565  0.4568  0.6685  0.683  0.3274  0.586  0.7504  4.7578  0.000137
epoch:24 0.5771  0.8053  0.6367  0.1916  0.4547  0.6736  0.4677  0.6776  0.6914  0.3171  0.5841  0.7658  4.7711  0.000105
epoch:25 0.5766  0.8018  0.6398  0.1936  0.4615  0.6736  0.4673  0.6788  0.6923  0.3221  0.5926  0.7633  4.9847  7.6e-05
epoch:26 0.5744  0.7998  0.6369  0.1872  0.4596  0.6722  0.4675  0.6784  0.692  0.3196  0.5904  0.7637  4.7256  5.3e-05
epoch:27 0.5807  0.8047  0.641  0.1936  0.4619  0.6756  0.4694  0.6789  0.6921  0.3199  0.5887  0.7648  4.7974  3.4e-05
epoch:28 0.5584  0.7869  0.6184  0.1876  0.457  0.6594  0.4602  0.6701  0.6845  0.3314  0.5896  0.7524  4.763  2.1e-05
epoch:29 0.5824  0.8037  0.6438  0.1915  0.4607  0.6781  0.4715  0.6818  0.695  0.3123  0.5906  0.7699  4.6274  1.3e-05
