epoch:0 0.2461  0.4644  0.2367  0.0352  0.1253  0.2947  0.2946  0.4132  0.4197  0.0698  0.2382  0.4819  5.4398  0.0005
epoch:1 0.2652  0.5226  0.2383  0.0392  0.1371  0.3145  0.3072  0.4333  0.4424  0.0847  0.2806  0.5006  4.4472  0.0005
epoch:2 0.2772  0.5328  0.2627  0.0438  0.149  0.3339  0.3186  0.4384  0.4472  0.0871  0.2761  0.5147  4.1664  0.0005
epoch:3 0.2916  0.5572  0.2784  0.0526  0.1598  0.3478  0.3306  0.4563  0.4678  0.1083  0.3019  0.5268  4.0205  0.0005
epoch:4 0.281  0.5423  0.2613  0.047  0.1466  0.3394  0.3222  0.4445  0.4542  0.117  0.2911  0.5163  3.8722  0.0005
epoch:5 0.3659  0.6404  0.3786  0.0634  0.2064  0.4311  0.3694  0.5085  0.5181  0.1288  0.3578  0.586  3.4489  0.00015
epoch:6 0.3752  0.6537  0.3933  0.0616  0.2166  0.4403  0.374  0.5108  0.5205  0.1289  0.3661  0.585  3.2796  0.00015
epoch:7 0.3832  0.6623  0.4032  0.0609  0.232  0.4466  0.3796  0.5178  0.5276  0.1277  0.3807  0.5884  3.1601  0.00015
epoch:8 0.3808  0.6624  0.3928  0.0593  0.2266  0.4472  0.3755  0.5141  0.5227  0.1428  0.3709  0.5873  3.121  0.00015
epoch:9 0.3896  0.6691  0.4075  0.0638  0.233  0.4569  0.3823  0.5221  0.5309  0.1368  0.3779  0.5979  3.0672  0.00015
epoch:10 0.4065  0.6828  0.428  0.065  0.2475  0.4737  0.3923  0.533  0.542  0.1448  0.3956  0.6069  2.9558  4.5e-05
epoch:11 0.4066  0.6815  0.4329  0.0693  0.2485  0.4737  0.3921  0.5327  0.5412  0.1495  0.3854  0.6072  2.864  4.5e-05
epoch:12 0.4074  0.6876  0.4351  0.0698  0.2503  0.4738  0.393  0.535  0.5448  0.15  0.3989  0.6087  2.8287  4.5e-05
epoch:13 0.412  0.6924  0.4413  0.0698  0.255  0.4786  0.3958  0.5389  0.5481  0.1476  0.4096  0.6112  2.8248  4.5e-05
epoch:14 0.4124  0.6932  0.4383  0.0725  0.2523  0.4808  0.3956  0.5382  0.5469  0.1515  0.3992  0.6125  2.7931  4.5e-05
