epoch:0 0.0648  0.1636  0.0316  0.0154  0.0570  0.0748  0.1212  0.1889  0.1934  0.0462  0.1442  0.2130  0.9353  0.000625
epoch:1 0.2051  0.4897  0.1157  0.1008  0.1902  0.2189  0.2261  0.3966  0.4135  0.2366  0.3798  0.4297  0.5476  0.000625
epoch:2 0.2713  0.5867  0.1966  0.1490  0.2585  0.2843  0.2791  0.4666  0.4875  0.2765  0.4481  0.5065  0.4624  0.000625
epoch:3 0.3352  0.6663  0.2869  0.1791  0.3068  0.3521  0.3232  0.5072  0.5239  0.3006  0.4762  0.5439  0.4100  0.000625
epoch:4 0.3696  0.7028  0.3465  0.1919  0.3305  0.3902  0.3475  0.5305  0.5459  0.3200  0.4929  0.5678  0.3785  0.000625
epoch:5 0.3889  0.7169  0.3817  0.1967  0.3458  0.4116  0.3618  0.5515  0.5664  0.3401  0.5127  0.5890  0.3607  0.000625
epoch:6 0.4050  0.7320  0.4092  0.2070  0.3564  0.4294  0.3716  0.5590  0.5728  0.3365  0.5163  0.5967  0.3457  0.000625
epoch:7 0.4140  0.7346  0.4269  0.2053  0.3650  0.4400  0.3801  0.5678  0.5825  0.3508  0.5293  0.6078  0.3354  0.000063
epoch:8 0.4125  0.7336  0.4226  0.2045  0.3603  0.4384  0.3765  0.5671  0.5813  0.3499  0.5257  0.6056  0.3344  0.000063
epoch:9 0.4184  0.7390  0.4381  0.2124  0.3737  0.4434  0.3811  0.5694  0.5824  0.3556  0.5249  0.6083  0.3329  0.000063
epoch:10 0.4184  0.7383  0.4335  0.2121  0.3678  0.4443  0.3819  0.5725  0.5854  0.3498  0.5264  0.6110  0.3326  0.000063
epoch:11 0.4186  0.7379  0.4340  0.2103  0.3689  0.4445  0.3811  0.5716  0.5849  0.3464  0.5293  0.6098  0.3305  0.000063
epoch:12 0.4191  0.7405  0.4347  0.2061  0.3677  0.4455  0.3808  0.5715  0.5850  0.3571  0.5280  0.6100  0.3297  0.000006
epoch:13 0.4183  0.7374  0.4336  0.2050  0.3658  0.4449  0.3798  0.5701  0.5838  0.3560  0.5250  0.6088  0.3297  0.000006
epoch:14 0.4231  0.7428  0.4441  0.2140  0.3713  0.4497  0.3829  0.5723  0.5863  0.3541  0.5232  0.6121  0.3293  0.000006
epoch:15 0.4204  0.7386  0.4397  0.2040  0.3634  0.4469  0.3843  0.5696  0.5826  0.3619  0.5190  0.6077  0.3277  0.000006
epoch:16 0.4163  0.7359  0.4279  0.2147  0.3700  0.4408  0.3783  0.5686  0.5822  0.3585  0.5247  0.6060  0.3290  0.000006
epoch:17 0.4209  0.7423  0.4400  0.2131  0.3683  0.4468  0.3814  0.5708  0.5844  0.3545  0.5286  0.6092  0.3291  0.000006
epoch:18 0.4242  0.7433  0.4430  0.2070  0.3723  0.4506  0.3848  0.5742  0.5872  0.3508  0.5243  0.6137  0.3294  0.000006
epoch:19 0.4193  0.7381  0.4380  0.2135  0.3661  0.4450  0.3817  0.5710  0.5844  0.3510  0.5289  0.6086  0.3277  0.000006
